Heathrow 
The Compass Centre, Nelson Road, Hounslow
Middlesex
TW6 2GW
51.479
-0.449
3
2015
Regular Year
1
8.8
1.6
10
63.4
62
2
8
1.8
8
38.6
63.9
3
11.6
4.1
1
24
140.7
4
16.3
6
0
16.2
212.1
5
17.6
8.8
0
41.6
189
6
22.2
11.4
0
12.2
197
7
23.7
13.8
0
71.8
189.7
8
22.2
14.1
0
116.8
134.1
9
18.6
10.2
0
50
162.3
10
15.8
9.3
0
39.8
94.2
11
13.4
8
2
48.2
27.7
12
13.7
8.9
0
39.4
35
2016
Cold year up North, regular elsewhere
1
9.5
3
5
74.8
54.8
2
9.4
2.9
5
43.8
86.8
3
10.7
3.2
3
72.8
123.3
4
13.5
4.9
0
47.2
170
5
19
9.7
0
60.4
192.7
6
20.7
12.7
0
93.4
101.7
7
24
14.5
0
16
182.8
8
24.7
14.6
0
21.6
201.4
9
22.4
13.7
0
42.2
122.1
10
15.9
8.7
0
21.6
105.6
11
10.5
3.8
3
86.4
77.4
12
10.2
3.4
7
10.4
55.1
2017
Warm in the South, summer above average
1
7.6
0.7
15
60.2
64.5
2
10
4.4
1
38.2
47.8
3
14.1
6.6
0
25.8
116.3
4
15.8
5.9
0
4.6
186.2
5
19.8
10.4
0
64.8
164.8
6
24
13.9
0
46.4
204.3
7
23.8
14.9
0
90
178
8
22
13.5
0
58.6
174.9
9
19.2
11
0
59
120.1
10
17.1
10.3
0
9.2
84.6
11
11.1
4.5
2
34.2
66.7
12
8.7
2.9
7
81.2
43.8